2.0000 5.0000
1.0000 0.5000
2.5000 1.5000
4.0000 4.0000
1.95947 0.623829
0.583567 0.165081
0.10555 0.735964
1.4516 0.89546
1.67279 -0.461933
2.15466 -0.453847
0.678568 -1.56392
0.924506 -0.692007
0.738005 0.283651
0.425119 0.0963023
2.60719 -0.323988
1.08176 -0.171797
1.58433 -0.34152
0.996869 0.0609463
1.64819 -0.00517005
0.682041 -1.34049
3.32558 2.85896
2.40614 0.89439
1.33199 1.31734
1.47069 -0.90721
3.63284 4.27808
1.98454 2.48206
1.07517 2.19636
0.706298 -2.46698
1.09632 1.98982
2.66175 -2.01429
0.668837 -1.53531
1.01377 0.967082
1.64811 -1.50052
1.03999 -0.377669
1.0993 0.159609
1.09273 -0.732979
1.21697 -0.125856
0.192923 1.22285
1.49081 1.48751
0.845123 1.06513
1.52378 -1.45309
1.60473 -1.78383
1.02939 -0.242537
1.34287 0.0406819
1.46792 0.0315936
1.00926 -0.796669
1.16939 0.330987
10.4699 1.99183
1.0218 -1.68721
1.55858 2.10092
